7.949608613827148229e-01 -2.114296130871944346e-01
-6.699848207067193862e-02 2.850909815305855410e-01
-8.854981973416218288e-01 -8.479816268992368400e-01
-7.250780820579081354e-01 -3.409207271766425684e-01
-6.205680615818831569e-01 -9.658618334018698182e-01
5.677564288534591164e-01 1.571443518171993237e-01
-3.337958705988568475e-01 6.734123962065827751e-01
9.922977415945029023e-01 -2.860135560549283973e-01
5.552409086292018348e-01 9.891268127699142099e-01
-1.082055014761620360e-01 -7.796236591463236998e-01
9.978408885101167414e+01 -1.079632721626133218e+02
-6.820149956580849882e-01 3.586495250651622335e-01
9.974453329208310493e+01 -1.319075490121007306e+02
9.984577204767782632e+01 -1.064999108130939049e+02
6.356930900587465239e-02 -2.202822715182708446e-01
-3.640173668550878716e+01 -1.011927220823897358e+02
-1.494849061364793563e-01 3.685417318827985955e-01
2.255735434739405409e-01 9.842091671500998729e-01
9.978733331748806279e+01 -1.676762965338359734e+01
8.020568772332694607e-01 -7.233125909293935951e-01
9.977140702469081646e+01 -7.105260664397293091e+00
9.984923662740990835e+01 -4.568908776523962878e+00
5.663286693277096440e-01 -9.306620790569570811e-01
3.816684194885148429e+01 -1.740668959561152107e+01
-8.660836624572558762e-01 8.141005979656481539e-01
-9.358807897421839161e-01 -6.651966717195281209e-01
-3.781783716061957179e-01 -2.828299825511106924e-01
-6.872352383660651487e-01 9.511809181817838521e-01
3.669236990275239751e-01 -1.511137723382207643e-01
-8.817814851015712829e-01 -3.736871694022754209e-01
5.108067178122284169e-01 -6.088674782191914048e-01
3.829721051673529164e-01 -3.543155914855153910e-01
8.703311779513711599e-02 -9.330573080446558087e-01
-7.043362172664386911e-01 -1.997832650232462814e-01
5.507992733752513637e-01 -7.539706111351140994e-01
6.571864465921752885e-01 -2.239085047343511992e-01
8.350333758455597000e-02 -1.145441954812691510e-01
6.485869888735149580e-01 -3.458625452232160224e-01
3.718598975871370005e-01 -5.679545892753390390e-01
-7.602512213201415570e-01 -5.898279587904877719e-01
-7.154919919515981519e+01 1.575074693674044113e+01
-2.838970301958723130e-01 3.298036403301147779e-01
9.985233075456108054e+01 4.405846791586110811e+00
9.986134088844450218e+01 5.193076910391455669e+01
9.982155229833111321e+01 -8.977332930806205979e+01
9.986120423263312773e+01 7.732348550593805214e+01
-2.269273852496382915e-01 -2.731780065670073032e-01
-1.278404715983757001e+01 -7.486171728650528223e+01
2.844983041299899984e-01 -9.122066312290557644e-01
-1.923134435558502275e-01 9.508723463705650580e-01
6.802373114108677044e+01 9.985434875727652582e+01
-1.294819816520782574e+01 9.955989948661586197e+01
9.986840411848393728e+01 9.095240418956957740e+01
-2.097592765394884040e+01 9.985061735705299668e+01
5.947356134501371461e-01 -7.702256264584423917e-01
-3.447702520062193798e+00 -6.013298242938059701e+01
-5.151005327072644135e-01 -2.219968502514721997e-01
-6.142579156482819158e-02 8.034978682420941265e-01
7.164488973589144827e-01 9.371537548593480427e-01
3.373751423442403752e-01 -8.726480819719026893e-01
-5.893583018388890427e-01 3.720320503763341335e-01
7.603817537853094777e-01 -9.029947619850204887e-01
1.368318745347647525e-01 -1.939845057336688772e-01
-9.131740546780491297e-01 -6.094770412325933862e-02
-3.002719688928390251e-01 -9.309574270798572915e-01
2.623312496672751681e-01 3.822591211910841835e-01
-4.905009987154944628e-01 4.288102011868739627e-01
-5.485050514179841130e-01 6.856506361878400568e-02
4.445076149365936313e-01 -9.210626039603904136e-01
8.120770583545935395e-01 -4.799488684007977568e-01
-9.550644462276751678e-01 3.647016039857549075e-01
-4.428293486265855172e-02 1.130512276226909307e-01
-5.648774780064380252e+01 9.982070805330275221e+01
-7.300406698734740463e-01 6.039206350183647931e-01
9.985624182857453945e+01 8.013685550529126544e+01
8.474456666632801216e+01 9.985790815128321185e+01
-5.074758764464886163e+00 9.974792334511603542e+01
4.274008166871868042e+01 9.986274046179657660e+01
9.809832187909111045e-01 6.652808966719614414e-01
3.172187751514655707e-01 -6.460092176400605846e-01
-1.887623931776759605e+02 9.979568290449823564e+01
9.691343400259539997e-01 -9.841233709148533570e-02
8.838043164706671462e+01 9.986528948553542762e+01
-8.838338454704404512e+01 9.978592625705158525e+01
4.688125971519176005e+01 9.986854394698286796e+01
-6.572087575722829911e+01 9.984226209848294786e+01
-5.204646371921630710e-01 9.235972035224657706e-01
-2.154888340533372215e+01 -3.753179159587392633e+01
-1.500937704966840425e-01 -3.121908482988122735e-02
-1.185579994918493085e-01 4.389205561541034140e-01
1.126404492025019355e-01 3.433533720751649199e-01
-9.100944818056211361e-01 -8.844145800696088244e-01
-8.636252177062577751e-01 6.246038300533220955e-01
-5.106410466503690238e-01 8.607284909279722118e-01
-9.989809185571734140e-01 9.512514957993083442e-01
5.349858639036135788e-01 -8.467364350147943419e-01
6.431499260860786826e-01 3.004488510296376980e-02
4.740091335595093547e-01 7.790174480014864233e-01
9.916290797735476392e-01 -8.712400615383590896e-01
-1.186106215186797375e-01 -3.285206645611584708e-01
-4.936582340732997842e-01 3.632448917450070702e-02
8.821251655161987948e-02 7.107315109880800730e-01
-5.408744134483651766e-01 -5.725389583129854021e-01
6.776460697517634468e-01 -6.672620903380102053e-01
-9.254050385948553981e+01 9.980781237214350199e+01
-4.232452424333184027e-01 1.981640360498865272e-01
3.929226692241921626e+01 9.984835218966070158e+01
-1.419512694604999936e+01 3.362784108541080741e+01
9.980079207258056861e-01 -1.575731018746462375e-02
2.646896897717855968e+00 -1.108468549314009399e+00
6.740864451486334730e-01 -3.856192277269689939e-01
2.573446920376756264e-01 3.559561230158978518e-01
-1.357631712490944551e+02 9.976480367370926672e+01
-3.917311163989347733e+01 -3.973145150873658338e+01
-1.339409390709836032e+02 9.984725150463700061e+01
-1.019444605152626195e+02 -2.413660285906835767e+01
4.683907683123753607e-01 5.998428391153154404e-01
-1.284653875421993341e+01 -3.545020682208797069e+01
5.919551851701501111e-01 4.364765288986953706e-01
8.489082400908862791e-01 5.353799615046104243e-01
4.971672552161006120e-01 8.325081075615015092e-01
1.741300563748469088e-01 8.399064019659940872e-01
-1.633411015435792812e-02 3.305073894734023021e-01
-8.812213944463591631e-01 -8.862403697819267734e-01
8.853745119541676090e-01 4.443851820492705773e-01
-3.499220050282609851e-01 8.734212227441335852e-01
-1.353263241620716872e-01 -7.106979507059629775e-02
-1.157682844811136480e-01 -5.180039165923184807e-01
