1639985541 0
1639985541 0
1639985541 0
1639985541 0
1639985541 0
1639985541 0
1639985541 0
1639985541 0
1639985541 0
1639985541 0
1639985629 290
1639985541 0
1639985629 435
1639985629 772
1639985541 0
1639985623 20
1639985541 0
1639985541 0
1639985629 375
1639985541 0
1639985629 827
1639985629 1331
1639985541 0
1639985623 25
1639985541 0
1639985541 0
1639985541 0
1639985541 0
1639985541 0
1639985541 0
1639985541 0
1639985541 0
1639985541 0
1639985541 0
1639985541 0
1639985541 0
1639985541 0
1639985541 0
1639985541 0
1639985541 0
1639985578 157
1639985541 0
1639985629 17763
1639985629 25967
1639985629 3774
1639985629 39394
1639985541 0
1639985542 31
1639985541 0
1639985541 0
1639985629 28576
1639985629 211
1639985629 69110
1639985629 8007
1639985541 0
1639985546 146
1639985541 0
1639985541 0
1639985541 0
1639985541 0
1639985541 0
1639985541 0
1639985541 0
1639985541 0
1639985541 0
1639985541 0
1639985541 0
1639985541 0
1639985541 0
1639985541 0
1639985541 0
1639985541 0
1639985629 1715
1639985541 0
1639985629 34939
1639985629 41227
1639985629 440
1639985629 11622
1639985541 0
1639985542 2
1639985629 313
1639985541 0
1639985629 66349
1639985629 689
1639985629 16912
1639985629 2080
1639985541 0
1639985546 94
1639985541 0
1639985541 0
1639985541 0
1639985541 0
1639985541 0
1639985541 0
1639985541 0
1639985541 0
1639985541 0
1639985541 0
1639985541 0
1639985541 0
1639985541 0
1639985541 0
1639985541 0
1639985541 0
1639985629 939
1639985542 1
1639985629 2969
1639985577 38
1639985541 0
1639985542 5
1639985541 0
1639985541 0
1639985629 402
1639985542 2
1639985629 2390
1639985546 72
1639985541 0
1639985542 13
1639985541 0
1639985541 0
1639985541 0
1639985541 0
1639985541 0
1639985541 0
1639985541 0
1639985541 0
1639985541 0
1639985541 0
